0
0
0
0
332
298
303
298
357
355
355
355
358
364
365
363
392
391
384
381
384
387
385
387
388
386
391
394
382
0
0
0
0
332
298
303
298
357
355
355
355
358
364
365
363
392
391
384
381
384
387
385
387
388
386
391
394
382
400
394
390
392
397
414
391
378
402
407
417
432
424
411
412
410
426
431
429
429
426
427
419
419
420
425
426
428
428
428
426
427
426
423
438
430
429
426
0
0
0
0
332
298
303
298
357
355
355
355
358
364
365
363
392
391
384
381
384
387
385
387
388
386
391
394
382
400
394
390
392
397
414
391
378
402
407
417
432
424
411
412
410
426
431
429
429
426
427
419
419
420
425
426
428
428
428
426
427
426
423
438
430
429
426
422
422
419
432
440
439
432
438
442
442
442
437
444
442
438
437
437
440
441
443
442
443
442
446
448
447
447
443
